[ 3.88018146e+00 -2.47353022e-01  2.64739398e-02  6.39582980e+00
  2.38770389e+00 -5.36488407e-01 -2.41227390e+00  3.53054964e-01
 -2.48698961e-01  7.66647341e-01  1.88642464e-02  2.18701562e+00
 -2.90844688e+00 -2.97574157e+00 -1.45653571e+00 -2.78307535e+00
 -2.36123738e+00  3.73078553e+00 -7.83569742e-02 -6.08814143e-01
  2.61074613e-01  6.52003721e-01 -9.78158516e-01 -3.82311236e-02
  1.63286825e+00 -1.08294208e+00  3.91962706e+00 -2.22194037e-01
  8.01915632e-01  3.57984050e+00  2.36854028e-01  4.94090057e-01
  3.60412263e-01 -1.94604806e+00  5.86102170e-02 -2.94332038e-01
 -2.97073992e+00 -1.34186178e+00  2.76568551e-01  1.33204402e+00
  9.40039775e-01 -2.96152987e-02  8.12362808e-01 -2.15602560e+00
 -7.39843966e-01  3.37719267e-01  8.52752297e-02 -4.47187938e-01
  2.45764322e+00 -1.36784772e+00  7.47128153e-01  2.49823311e+00
  4.14884416e-01  9.19564078e-01  1.25369532e+00 -5.03871674e-01
  3.55502715e-01  6.20107982e-01  3.49363562e-01  2.93492976e+00
 -8.83807948e-01  1.29331669e+00  5.50687526e-01  1.32540633e+00
 -9.33653995e-01 -3.95220306e-01 -8.98331839e-02  2.57370940e+00
  9.42226285e-01  3.38662780e-01 -2.02626928e-01  3.12930979e-01
  6.46692516e-01  1.52456848e-01  1.61344635e+00 -9.19746663e-02
  1.22398611e+00  7.27617903e-01 -4.33682988e-01 -1.45574973e+00
 -1.40867587e+00  6.62997996e-01 -6.56816057e-01  8.00807106e-01
  1.41384093e+00 -6.69248277e-01  1.18592193e+00  2.14773856e-01
  2.03078664e+00 -5.45834405e-01 -7.36439597e-01  2.52081786e-02
  4.33891773e-01  1.90136261e-03  7.79260909e-01  1.82771489e-01
  1.77425555e-01 -1.07366450e-02 -1.22689011e-02 -1.49082456e+00
  1.60976623e-01  3.63733460e-01  1.24264234e-01 -3.08066661e-01
 -2.68294562e-01 -4.53658122e-01 -2.72761814e-01 -1.71558565e+00
  2.91527847e-01  9.56718687e-01  7.94539549e-03  1.88531154e+00
 -6.92228815e-01  1.50641987e+00 -7.00239033e-01 -3.86450789e-01
 -1.24318479e+00 -1.36228558e+00 -7.15916532e-01 -1.74280113e-01
  1.34597465e+00 -2.24794288e-02  5.17835155e-01 -9.58880095e-01
  1.11881457e+00 -7.67094244e-01  1.55191588e-02  7.16678488e-01
 -7.08993354e-01 -5.86532772e-01  5.52093119e-01  2.37638839e-01
  5.47569723e-01 -3.30024730e-01  8.73332986e-01 -1.99292163e+00
 -3.32500097e-01  1.36178238e+00  7.45175370e-01  1.51939698e+00
  3.71273540e-01 -2.22511598e+00 -1.53655737e+00  1.27972878e-01
 -1.69702893e+00  1.41088378e-01  7.04577653e-01 -4.11280691e-01
 -4.45274327e-01 -5.55693019e-01  1.60967929e+00  1.62188285e+00
 -4.23429192e-01 -2.00807487e+00  7.14080136e-01  6.24517357e-01
 -6.23030804e-01  2.32956719e-01  6.30744126e-01  5.80941006e-01
 -1.22743288e-01 -8.79553008e-01  5.60074603e-01 -1.12528395e+00
  5.98792415e-02  2.14170155e-01 -9.25053593e-01  5.72829863e-01
 -5.66010114e-01 -5.91478152e-01  1.60413101e-01  4.13835818e-01
 -4.99284081e-01 -1.17422527e+00  5.37571060e-01  1.40198098e+00
 -8.05477913e-01 -1.50041234e+00  9.22595503e-01 -2.70156044e-01
 -2.40048533e+00 -2.23450155e-01 -7.67236855e-01  7.94208685e-01
 -2.14550870e-01  1.55693773e-01  8.52520647e-01  2.27239630e+00
 -3.78929770e-02 -9.26241421e-02 -4.80166659e-01 -1.05665448e-01
 -8.64258311e-01  7.10506221e-01  9.41482244e-01  4.02227310e-01
  4.12222800e-02 -1.61219019e+00  8.14789381e-02 -2.73295551e-01
 -5.69258860e-02  1.08351876e+00  1.03317950e+00  6.53092453e-01
  9.11231831e-01 -6.94577961e-01  1.45350108e+00  1.28495254e+00
 -8.67436761e-01 -9.67838454e-01 -2.72812701e-02 -4.63912408e-01
  1.83831786e+00  9.91804904e-01  1.23435396e+00 -1.14721147e+00
 -8.13546862e-01  3.45760568e-01 -6.20633977e-01  1.98613954e+00
 -2.48058840e-01 -1.06103250e-01  1.35316027e+00 -6.32860462e-01
  5.48213817e-01  6.37362203e-02 -1.66782086e+00 -1.30118036e+00
 -9.18649074e-01  4.75170977e-01  5.98282283e-01 -1.57744995e-01
  3.40285644e-01  2.47835245e-01  9.41653021e-01  4.84044775e-01
 -5.55213825e-01  6.58749016e-01 -4.37321055e-02 -4.26572424e-01
  4.27694000e-03 -7.23237085e-02 -4.26992746e-01  2.72393890e-01
  1.53108357e+00  2.21672875e-01  8.55805445e-02 -6.37215376e-02
  3.07014283e-01  3.06071344e-01 -2.02287538e-01  2.24966068e-02
 -1.15704030e-01  8.22131034e-01 -7.84570875e-01  1.93068071e-01
 -7.19732511e-01 -5.61312751e-01  2.87901402e-01  3.37366434e-01
 -3.76239085e-01 -1.31607237e+00  1.03767377e+00  6.95977466e-01
 -3.00390421e-01  3.32258789e-01  4.96353579e-01  2.64429110e-01
  1.41074921e+00  1.63743000e-02 -6.97036737e-01 -1.22409626e-01
 -6.44516082e-01  3.61406430e-01  3.71250726e-01 -2.97397819e-01
  1.02900763e-01  1.25380055e-01 -9.27160543e-01 -6.17454698e-01
 -9.29938750e-01 -8.53387131e-01 -2.02503257e-01  5.63468828e-01
  1.02669423e-01 -4.34684250e-01  5.11867505e-01 -9.07379079e-01
 -1.13360037e-01 -9.51622749e-01 -6.05589902e-01 -4.15460715e-01
  2.87316421e-01  1.54275782e-01 -6.51804462e-02 -3.48310647e-01
 -7.86444647e-02 -3.02129903e-01 -7.35421299e-01  1.73239125e-01]
