[-2.455470e-01  5.009180e-01  1.341929e+00  1.968173e+00 -3.534010e-01
  1.684140e-01  5.386890e-01 -4.566680e-01 -8.283100e-01 -1.481120e-01
  6.418100e-01  5.168010e-01  1.226250e-01 -1.665316e+00  3.411200e-01
 -5.240380e-01 -9.600560e-01 -6.515360e-01 -8.538420e-01 -5.353070e-01
  5.357900e-02 -2.504170e-01  1.048391e+00 -6.564620e-01 -1.483933e+00
 -1.406970e-01  8.079140e-01 -1.336054e+00 -3.622320e-01 -1.099676e+00
 -1.466610e+00 -9.316190e-01 -7.559200e-01  1.178124e+00 -1.476900e+00
  7.365460e-01 -2.606728e+00 -2.585420e-01  3.051200e-01 -1.349215e+00
 -2.108258e+00 -4.075310e-01  1.722436e+00 -1.294499e+00  4.441660e-01
  4.386790e-01 -1.199416e+00 -1.991989e+00  8.128780e-01  7.888820e-01
 -6.071700e-02 -1.126495e+00 -1.271091e+00  5.536000e-03 -8.880110e-01
  1.679440e-01 -9.759270e-01  3.570030e-01  7.944060e-01 -1.751472e+00
  4.876550e-01  6.193880e-01 -5.789230e-01  1.117720e-01 -1.034290e-01
 -1.218600e-02  1.615105e+00 -8.272490e-01 -5.051910e-01  3.369880e-01
 -2.104371e+00  9.531000e-03  2.065109e+00 -3.964260e-01  9.754730e-01
  1.085924e+00 -9.074930e-01  1.034190e-01  7.536010e-01 -6.253240e-01
  1.089573e+00 -1.467626e+00 -1.949266e+00 -2.797680e-01  2.780820e-01
 -8.930670e-01 -8.358550e-01  3.941130e-01 -3.654200e-02  2.177284e+00
  2.430300e-01 -1.761000e-03 -1.383750e-01  1.529370e+00 -4.114570e-01
 -1.775350e-01 -1.996248e+00 -1.622420e-01  5.161050e-01  6.945100e-01
  1.562277e+00 -2.118176e+00  3.662530e-01 -2.065924e+00 -6.204090e-01
  1.755664e+00  4.127250e-01  2.652870e-01  3.813620e-01  2.583050e-01
  5.359700e-01  7.854900e-01  1.621240e-01  6.479030e-01 -5.022870e-01
 -1.336960e-01 -3.028920e-01 -7.642900e-01 -2.949000e-03 -1.795890e-01
  5.951290e-01 -3.967420e-01  5.548560e-01 -1.506228e+00 -7.614550e-01
 -1.022010e+00  8.582580e-01 -4.268850e-01  2.081480e-01  2.170260e-01
  3.567420e-01 -5.406280e-01 -1.585547e+00  4.453200e-01  1.082520e-01
  2.940210e-01 -5.399450e-01  1.040018e+00 -1.352845e+00  4.591460e-01
  1.345190e-01  3.786900e-02  3.530690e-01  4.016270e-01  1.797600e-01
 -8.801150e-01 -3.110680e-01  1.205715e+00  1.330035e+00 -4.636710e-01
 -9.466170e-01 -8.175970e-01 -8.666100e-01  2.669280e-01  3.979000e-01
 -7.897100e-01  9.944040e-01 -4.345790e-01 -5.029070e-01  1.502610e-01
 -9.680370e-01  5.299250e-01  7.898000e-03 -8.116830e-01 -7.634040e-01
 -5.090040e-01 -8.358550e-01 -6.483610e-01 -1.198730e-01  9.573050e-01
  1.302380e-01  8.136740e-01 -8.580600e-02  4.105180e-01  9.952100e-01
  2.090980e-01  3.559630e-01  4.075470e-01  1.660936e+00  4.248190e-01
  2.525260e-01 -7.837580e-01 -6.788320e-01 -1.763460e-01 -8.525560e-01
  4.747690e-01  7.118940e-01  1.393798e+00  1.230070e-01  4.131850e-01
 -1.740833e+00  2.108620e-01  7.885680e-01 -7.494190e-01  1.371870e+00
  1.724880e-01 -7.333000e-02  1.447930e-01 -1.635992e+00  7.059310e-01
 -7.895700e-01 -3.679110e-01 -4.176300e-02 -7.897660e-01 -6.399880e-01
  3.465190e-01 -2.460570e-01 -1.311345e+00 -6.556730e-01  7.221920e-01
 -1.185978e+00  7.961140e-01 -7.288730e-01 -1.110458e+00  1.259185e+00
 -1.451458e+00 -1.176283e+00 -1.819690e-01 -2.350600e-01 -8.135970e-01
 -1.299422e+00 -1.953668e+00 -6.188780e-01 -7.930240e-01 -1.419517e+00
 -6.572960e-01  3.535710e-01 -7.547950e-01  4.595020e-01 -3.918450e-01
  1.099520e-01 -7.376970e-01  7.988120e-01  1.598071e+00  1.945677e+00
  2.950100e-02 -4.949270e-01  1.098900e+00 -1.490667e+00 -8.307560e-01
  4.805430e-01  1.075937e+00  4.927160e-01  1.836480e-01 -3.224600e-01
  3.281430e-01 -1.706281e+00 -1.380694e+00 -6.747730e-01 -2.038090e-01
  5.488360e-01 -3.803230e-01 -1.822576e+00 -9.691340e-01 -7.429500e-01
 -2.276630e-01  1.101974e+00  8.622430e-01 -3.540750e-01 -2.432180e-01
  4.220100e-01  1.390047e+00  1.487717e+00 -3.521270e-01  1.457997e+00
 -3.593460e-01 -8.247340e-01  1.028707e+00 -1.795813e+00 -8.341530e-01
 -2.149780e-01 -1.413871e+00  1.770980e-01  1.151681e+00 -6.640960e-01
  5.147880e-01  2.583840e-01 -7.417600e-01  2.084214e+00 -6.096200e-01
  7.958660e-01 -2.428570e-01  2.429710e-01 -4.569970e-01  3.516440e-01
 -1.019771e+00 -2.372250e-01  2.310740e-01 -6.503390e-01 -1.061041e+00
  6.869730e-01 -3.329060e-01  8.661220e-01  4.831920e-01  5.781960e-01
 -5.546960e-01 -1.944010e-01 -4.432000e-01  1.230273e+00 -1.049360e-01]
